      0/49     14.9G   0.02136  0.002854   0.00145   0.02566         0      1280    0.9406    0.7398    0.8355    0.5804   0.03695  0.003448  0.006189
      1/49     14.8G     0.022  0.002927   0.00165   0.02657         2      1280    0.9051    0.7136    0.7899    0.5593   0.03744  0.003466   0.00619
      2/49     14.8G   0.02239  0.002877  0.001423   0.02669         0      1280    0.9324    0.6407    0.7428    0.5458   0.03767  0.003587  0.006528
      3/49     14.8G   0.02272   0.00294  0.001816   0.02748         0      1280    0.9048     0.755    0.7914    0.5438   0.03859  0.003566  0.006864
      4/49     14.8G   0.02244  0.002881  0.001603   0.02693         0      1280    0.8141    0.7994    0.8066    0.5521   0.03728  0.003673  0.007035
      5/49     14.8G   0.02261  0.003044  0.001981   0.02763         0      1280    0.8933    0.7568    0.8041    0.5442   0.03823  0.003532  0.007144
      6/49     14.8G   0.02254  0.002975  0.001637   0.02716         0      1280    0.9195    0.7172    0.8022    0.5116   0.03714   0.00365  0.006815
      7/49     14.8G   0.02254  0.002992   0.00155   0.02709         3      1280    0.6817    0.7314    0.6896    0.4892   0.03768  0.003524  0.006961
      8/49     14.8G   0.02225  0.002871  0.001643   0.02677         1      1280    0.7889    0.7098    0.7034    0.4754   0.03671  0.003668  0.007497
      9/49     14.8G   0.02212  0.002888  0.001644   0.02665         0      1280    0.8656    0.7711    0.7544    0.5171   0.03623  0.003724  0.006561
     10/49     14.8G   0.02195  0.002932  0.002176   0.02706         1      1280     0.836    0.6618    0.7228    0.5175   0.03627  0.003672  0.006453
     11/49     14.8G   0.02158  0.002825  0.001338   0.02574         0      1280    0.8017    0.7232    0.7573    0.5078   0.03717  0.003712  0.006949
     12/49     14.8G   0.02183  0.002853  0.001706   0.02639         1      1280    0.9208     0.666    0.7343    0.5352   0.03695  0.003644  0.006734
     13/49     14.8G   0.02144  0.002873   0.00161   0.02593         0      1280    0.8837    0.7482    0.7636    0.5476   0.03573  0.003622  0.007613
     14/49     14.8G   0.02139  0.002818  0.001542   0.02575         0      1280    0.8971    0.6899    0.7821    0.5579   0.03595  0.003691  0.007542
     15/49     14.8G   0.02115  0.002803  0.001481   0.02544         1      1280    0.8786    0.7042    0.7439    0.5154   0.03672  0.003868  0.006711
     16/49     14.8G   0.02077  0.002726  0.001528   0.02502         3      1280    0.8761    0.8073    0.8134    0.5234   0.03684  0.003848  0.007371
     17/49     14.8G   0.02092  0.002787  0.001251   0.02495         0      1280    0.8376    0.7563    0.7899    0.5387   0.03612  0.003746   0.00712
     18/49     14.8G   0.02081  0.002829  0.001246   0.02489         5      1280    0.8639    0.7069    0.7394    0.5427   0.03586   0.00379  0.006282
     19/49     14.8G   0.02062  0.002694  0.001318   0.02463         1      1280    0.8565    0.7292    0.8026    0.5315   0.03589  0.003762  0.006551
     20/49     14.8G   0.02066  0.002752  0.001197   0.02461         0      1280    0.8784    0.7077    0.7688    0.5376   0.03674  0.003713  0.006956
     21/49     14.8G      0.02   0.00259  0.001343   0.02393         0      1280    0.9255    0.6611    0.7492    0.5286   0.03628  0.003762  0.006038
     22/49     14.8G   0.02003  0.002756  0.001455   0.02424         0      1280    0.8347     0.724    0.7269    0.5188   0.03622  0.003834  0.006387
     23/49     14.8G   0.01938  0.002637  0.001184    0.0232         1      1280    0.9437     0.659     0.783    0.5458   0.03626  0.003737  0.006358
